iiwa_goal:
  x: -10.037563751730413
  y: 8.152963712633492
  yaw: 0.0
  z: 0.0
